image_width: 640
image_height: 480
camera_name: head_camera
camera_matrix:
  rows: 3
  cols: 3
  data: [436.98248,   0.     , 306.42987,
           0.     , 403.1976 , 265.51439,
           0.     ,   0.     ,   1.     ]
distortion_model: plumb_bob
distortion_coefficients:
  rows: 1
  cols: 5
  data: [-0.031216, 0.017851, -0.001129, 0.010687, 0.000000]
rectification_matrix:
  rows: 3
  cols: 3
  data: [1., 0., 0.,
         0., 1., 0.,
         0., 0., 1.]
projection_matrix:
  rows: 3
  cols: 4
  data: [433.51863,   0.     , 314.94963,   0.     ,
           0.     , 404.37373, 264.76882,   0.     ,
           0.     ,   0.     ,   1.     ,   0.     ]
